"Time" "Day" "Month" "Year" "Gold_Price" "Crude_Oil" "Interest_Rate" "USD_INR" "Sensex" "CPI" "USD_Index"
1 1 10 2000 4538 1455.51 8 46.318297 3711.02 37.23 116.65
2 1 11 2000 4483 1512.47 8 46.783613 3997.99 37.31 115.24
3 1 12 2000 4541 1178.11 8 46.745856 3972.12 36.98 109.56
4 1 1 2001 4466 1208.18 8 46.536033 4326.72 36.9 110.52
5 1 2 2001 4370 1267.18 7.5 46.514595 4247.04 36.73 112.01
6 1 3 2001 4269 1166.45 7 46.609354 3604.38 36.9 117.37
7 1 4 2001 4267 1203.33 7 46.75567 3519.16 37.15 115.85
8 1 5 2001 4441 1292.57 7 46.898772 3631.91 37.4 119.07
9 1 6 2001 4400 1267.73 7 46.972248 3456.78 37.89 119.43
10 1 7 2001 4380 1169.12 7 47.121652 3329.28 38.39 117.18
11 1 8 2001 4449 1216.8 7 47.108333 3244.95 38.64 113.42
12 1 9 2001 4631 1201.16 7 47.589111 2811.6 38.56 113.48
13 1 10 2001 4688 995.46 6.5 47.996628 2989.35 38.8 114.86
14 1 11 2001 4604 897.07 6.5 47.9843 3287.5 39.14 116.13
15 1 12 2001 4576 887.42 6.5 47.9048 3262.33 38.89 116.75
16 1 1 2002 4693 925.63 6.5 48.271182 3311.03 38.72 120.24
17 1 2 2002 4901 972.86 6.5 48.664774 3562.31 38.64 119.16
18 1 3 2002 4920 1152.2 6.5 48.7337 3469.35 38.8 118.62
19 1 4 2002 5041 1244.02 6.5 48.908614 3338.16 38.89 115.19
20 1 5 2002 5226 1257.83 6.5 49.00224 3125.73 39.14 111.81
21 1 6 2002 5313 1199.06 6.5 48.963447 3244.7 39.47 106.11
22 1 7 2002 5188 1255.67 6.5 48.787774 2987.65 39.88 107.41
23 1 8 2002 5129 1301.25 6.5 48.603228 3181.23 40.13 106.98
24 1 9 2002 5239 1369.92 6.5 48.44445 2991.36 40.21 106.87
25 1 10 2002 5210 1331.61 6.5 48.362591 2949.32 40.38 106.64
26 1 11 2002 5243 1184.18 6.25 48.251105 3228.82 40.55 106.41
27 1 12 2002 5444 1342.56 6.25 48.176333 3377.28 40.13 101.85
28 1 1 2003 5752 1473.85 6.25 47.937694 3250.38 40.05 99.91
29 1 2 2003 5771 1569.55 6.25 47.740106 3283.66 40.13 99.71
30 1 3 2003 5433 1446.38 6.25 47.6645 3048.72 40.38 99.06
31 1 4 2003 5192 1210.97 6.25 47.403571 2959.79 40.88 97.19
32 1 5 2003 5561 1226.99 6 47.098325 3180.75 40.96 93.27
33 1 6 2003 5509 1304.45 6 46.74645 3607.13 41.21 94.73
34 1 7 2003 5363 1321.85 6 46.245625 3792.61 41.54 96.89
35 1 8 2003 5462 1363.37 6 45.943763 4244.73 41.38 98.1
36 1 9 2003 5718 1232.46 6 45.846923 4453.24 41.38 92.85
37 1 10 2003 5695 1316.78 6 45.385 4906.87 41.71 92.73
38 1 11 2003 5850 1325.54 6 45.486158 5044.82 41.79 90.21
39 1 12 2003 6094 1366.36 6 45.564722 5838.96 41.62 86.92
40 1 1 2004 6179 1425.74 6 45.432223 5695.67 41.79 87.2
41 1 2 2004 6018 1418.36 6 45.235938 5667.51 41.79 87.31
42 1 3 2004 5986 1515.65 6 45.05465 5590.6 41.79 87.61
43 1 4 2004 5916 1480.99 6 43.820866 5655.09 41.79 90.48
44 1 5 2004 5736 1699.29 6 45.123948 4759.62 42.12 88.95
45 1 6 2004 5862 1617.64 6 45.4705 4795.46 42.45 88.8
46 1 7 2004 6059 1744.59 6 45.9965 5170.32 42.87 89.96
47 1 8 2004 6126 1950.09 6 46.304 5192.08 43.28 88.94
48 1 9 2004 6170 1917.68 6 45.860485 5583.61 43.37 87.36
49 1 10 2004 6361 2146.34 6 43.929104 5672.27 43.61 84.91
50 1 11 2004 6551 1900.58 6 45.110681 6234.29 43.53 81.82
51 1 12 2004 6445 1717 6 43.760714 6602.69 43.2 80.85
52 1 1 2005 6149 1880.23 6 43.735192 6555.94 43.61 83.6
53 1 2 2005 6108 1957.6 6 43.6175 6713.86 43.53 82.51
54 1 3 2005 6262 2225.57 6 43.638871 6492.82 43.53 84.06
55 1 4 2005 6151 2215.05 6 43.696167 6154.44 43.86 84.43
56 1 5 2005 6030 2080.2 6 43.452903 6715.11 43.7 87.76
57 1 6 2005 6134 2348.85 6 43.557322 7193.85 43.86 89.11
58 1 7 2005 6058 2454.2 6 43.490185 7635.42 44.61 89.35
59 1 8 2005 6249 2700.01 6 41.960666 7805.43 44.77 87.58
60 1 9 2005 6535 2709.21 6 43.876667 8634.48 44.94 89.52
61 1 10 2005 6874 2608.22 6 44.729667 7892.32 45.44 90.07
62 1 11 2005 7168 2516.77 6 45.629655 8788.81 45.85 91.57
63 1 12 2005 7586 2576.49 6 45.694401 9397.93 45.6 91.17
64 1 1 2006 7925 2773.13 6 44.351481 9919.89 45.52 88.96
65 1 2 2006 8038 2646.56 6 44.254711 10370.24 45.52 90.11
66 1 3 2006 8059 2709.89 6 44.370555 11279.96 45.52 89.73
67 1 4 2006 8985 3055.21 6 44.801205 12042.56 45.9 86.11
68 1 5 2006 9969 3118.7 6 45.253648 10398.61 46.29 84.72
69 1 6 2006 8952 3145.13 6 45.893571 10609.25 47.05 85.22
70 1 7 2006 9559 3365.75 6 46.384958 10743.88 47.43 85.3
71 1 8 2006 9469 3341.97 6 46.491078 11699.05 47.43 85.05
72 1 9 2006 8998 2865.03 6 46.119517 12454.42 47.82 85.97
73 1 10 2006 8695 2633.08 6 45.438276 12961.9 48.58 85.32
74 1 11 2006 9140 2607.99 6 44.811532 13696.31 48.58 82.92
75 1 12 2006 9133 2722.26 6 44.6325 13786.91 48.58 83.72
76 1 1 2007 9069 2373.05 6 44.30621 14090.92 48.58 84.61
77 1 2 2007 9545 2541.99 6 44.123729 12938.09 48.96 83.57
78 1 3 2007 9370 2667.95 6 44.014345 13072.1 48.58 82.93
79 1 4 2007 9321 2742.35 6 42.276562 13872.37 48.96 81.45
80 1 5 2007 8878 2658.01 6 40.870669 14544.46 49.35 82.3
81 1 6 2007 8707 2779.56 6 40.753571 14650.51 49.73 81.92
82 1 7 2007 8741 2974.64 6 40.420952 15550.99 50.49 80.77
83 1 8 2007 8836 2862.54 6 40.843125 15318.6 50.88 80.79
84 1 9 2007 9311 3096.5 6 40.388438 17291.1 50.88 77.72
85 1 10 2007 9691 3238.9 6 39.548261 19837.99 51.26 76.48
86 1 11 2007 10340 3602.45 6 39.439205 19363.19 51.26 76.15
87 1 12 2007 10311 3530.67 6 39.465375 20286.99 51.26 76.69
88 1 1 2008 11291 3570.71 6 39.366685 17648.71 51.26 75.18
89 1 2 2008 11888 3710.34 6 39.720893 17578.72 51.64 73.71
90 1 3 2008 12632 4109.92 6 40.340833 15644.44 52.41 71.8
91 1 4 2008 11810 4353.72 6 40.02689 17287.31 52.79 72.51
92 1 5 2008 12143 5165.85 6 42.047174 16415.57 53.17 72.88
93 1 6 2008 12353 5631.69 6 42.842487 13461.6 53.55 72.46
94 1 7 2008 13028 5689.98 6 43.001054 14355.75 54.7 73.23
95 1 8 2008 11861 4919.52 6 43.108455 14564.53 55.47 77.38
96 1 9 2008 12220 4540.91 6 45.544457 12860.43 55.85 79.45
97 1 10 2008 12691 3535.8 6 50.055371 9788.06 56.61 85.63
98 1 11 2008 12143 2644.71 6 49.84275 9092.72 56.61 86.52
99 1 12 2008 12923 2010.86 6 49.906565 9647.31 56.23 81.15
100 1 1 2009 13473 2142.12 6 49.043306 9424.24 56.61 85.83
101 1 2 2009 14800 2059.46 6 49.179551 8891.61 56.61 88.17
102 1 3 2009 15232 2391.75 6 51.113321 9708.5 56.61 85.51
103 1 4 2009 14475 2517.58 6 50.03327 11403.25 57.38 84.82
104 1 5 2009 14621 2822.25 6 48.605316 14625.25 57.76 79.23
105 1 6 2009 14639 3303.55 6 47.671474 14493.84 58.53 80.16
106 1 7 2009 14720 3137 6 48.398962 15670.31 61.2 78.35
107 1 8 2009 14952 3461.09 6 48.271903 15666.64 61.97 78.17
108 1 9 2009 15723 3310.8 6 48.3977 17126.84 62.35 76.65
109 1 10 2009 15882 3461.1 6 46.705242 15896.28 63.12 76.3
110 1 11 2009 17057 3611.43 6 46.569183 16926.22 64.27 74.78
111 1 12 2009 17159 3491.65 6 46.532468 17464.81 64.65 77.86
112 1 1 2010 16706 3541.88 6 45.981774 16357.96 65.8 79.46
113 1 2 2010 16525 3463.32 6 46.3145 16429.55 65.03 80.36
114 1 3 2010 16614 3607.99 6 45.46429 17527.77 65.03 81.07
115 1 4 2010 16693 3745.92 6 44.4562 17558.71 65.03 81.87
116 1 5 2010 18024 3461.17 6 45.669935 16944.63 65.8 86.59
117 1 6 2010 18745 3479.77 6 46.4813 17700.9 66.56 86.02
118 1 7 2010 18270 3495.72 6 46.719452 17868.29 68.09 81.54
119 1 8 2010 18457 3531.14 6 46.491516 17971.12 68.09 83.2
120 1 9 2010 19056 3504.32 6 46.007067 20069.12 68.47 78.72
121 1 10 2010 19474 3629.8 6 44.359613 20032.34 69.24 77.27
122 1 11 2010 20140 3793.46 6 44.8883 19521.25 69.62 81.19
123 1 12 2010 20506 4065.66 6 45.096839 20509.09 70.77 79.03
124 1 1 2011 20204 4206.66 6 45.326452 18327.76 71.92 77.73
125 1 2 2011 20321 4450.5 6 45.400643 17823.4 70.77 76.89
126 1 3 2011 20835 4888.11 6 44.903345 19445.22 70.77 75.86
127 1 4 2011 21470 5159.4 6 44.295267 19135.96 71.15 72.93
128 1 5 2011 22130 4851.8 6 44.834903 18503.28 71.53 74.64
129 1 6 2011 22214 4747.57 6 44.818533 18845.87 72.3 74.3
130 1 7 2011 22627 4793.3 6 44.394613 18197.2 73.83 73.9
131 1 8 2011 25878 4550.04 6 45.2939 16676.75 74.21 74.12
132 1 9 2011 27487 4811.93 6 47.29188 16453.76 75.36 78.55
133 1 10 2011 26668 4916.61 6 49.178077 17705.01 75.74 76.17
134 1 11 2011 28563 5343.29 6 50.574833 16123.46 76.12 78.38
135 1 12 2011 28063 5486.72 6 52.333333 15454.92 75.36 80.18
136 1 1 2012 27598 5484.92 6 51.234633 17193.55 75.74 79.29
137 1 2 2012 28119 5540.26 9.5 49.151346 17752.68 76.12 78.74
138 1 3 2012 27854 5927.55 9.5 50.207433 17404.2 76.89 79
139 1 4 2012 28563 5888.49 9 51.5655 17318.81 78.42 78.78
140 1 5 2012 28831 5655.94 9 54.350864 16218.53 78.8 83.04
141 1 6 2012 29819 5083.6 9 55.977269 17429.98 79.57 81.63
142 1 7 2012 29468 5372.19 9 55.352806 17236.18 81.1 82.64
143 1 8 2012 30180 5848.75 9 55.513323 17429.56 81.86 81.21
144 1 9 2012 31673 5798.48 9 54.489467 18762.74 82.24 79.94
145 1 10 2012 31056 5476.43 9 53.03271 18505.38 83.01 79.92
146 1 11 2012 31548 5536.01 9 54.7929 19339.9 83.39 80.15
147 1 12 2012 30833 5526.62 9 54.621371 19426.71 83.77 79.77
148 1 1 2013 30520 5708.32 9 54.314581 19894.98 84.54 79.21
149 1 2 2013 29963 5784.94 8.75 53.8065 18861.54 85.3 81.95
150 1 3 2013 29514 5575.84 8.5 54.418984 18835.77 85.69 83.22
151 1 4 2013 27743 5375.04 8.5 54.361967 19504.18 86.45 81.75
152 1 5 2013 26769 5468.66 8.25 54.881226 19760.3 87.22 83.26
153 1 6 2013 27178 5817.69 8.25 58.179167 19395.81 88.36 83.14
154 1 7 2013 26928 6292.38 10.25 59.699774 19345.7 89.89 81.45
155 1 8 2013 30216 6836.67 10.25 62.618742 18619.72 90.66 82.09
156 1 9 2013 30473 6926.83 9.5 63.801724 19379.77 91.04 80.22
157 1 10 2013 30710 6497.77 8.75 61.485081 21164.52 92.19 80.19
158 1 11 2013 30740 6435.78 8.75 62.5894 20791.93 92.96 80.68
159 1 12 2013 29904 6534.28 8.75 61.863581 21170.68 91.42 80.03
160 1 1 2014 29582 6344 9 62.074613 20513.85 90.66 81.31
161 1 2 2014 30211 6529.28 9 62.180696 21120.12 91.04 79.69
162 1 3 2014 29832 6343 9 60.997097 22386.27 91.42 80.1
163 1 4 2014 29329 6329.6 9 60.330117 22417.8 92.57 79.47
164 1 5 2014 28738 6273.13 9 59.308661 24217.34 93.34 80.37
165 1 6 2014 27427 6471.05 9 59.696 25413.78 94.1 79.78
166 1 7 2014 28008 6320.51 9 60.044177 25894.97 96.4 81.46
167 1 8 2014 28080 6092.56 9 60.8698 26638.11 96.78 82.75
168 1 9 2014 26963 5835.69 9 60.84225 26630.51 96.78 85.94
169 1 10 2014 26991 5280.84 9 61.337677 27865.83 96.78 86.92
170 1 11 2014 26115 4748.53 9 61.662467 28693.99 96.78 88.36
171 1 12 2014 26678 3806.55 9 62.797565 27499.42 96.78 90.27
172 1 1 2015 27403 2927.2 8.75 62.081804 29182.95 97.16 94.8
173 1 2 2015 27075 3398.51 8.75 62.017482 29361.5 96.78 95.32
174 1 3 2015 26168 3299.23 8.5 62.48471 27957.49 97.16 98.36
175 1 4 2015 26683 3611.03 8.5 62.614983 27011.31 97.93 94.6
176 1 5 2015 27093 3988.78 8.5 63.656613 27828.44 98.69 96.91
177 1 6 2015 26646 3915.3 8.25 63.780567 27780.83 99.84 95.48
178 1 7 2015 25539 3458.51 8.25 63.600032 28114.56 100.61 97.34
179 1 8 2015 25729 2973.16 8.25 65.025677 26283.09 100.99 95.82
180 1 9 2015 26246 3064.43 8.25 66.237433 26154.83 101.75 96.35
181 1 10 2015 26577 3055.95 7.75 65.019758 26656.83 102.9 96.95
182 1 11 2015 25648 2847.43 7.75 66.127917 26145.67 103.28 100.17
183 1 12 2015 25207 2435.4 7.75 66.505016 26117.54 102.9 98.63
184 1 1 2016 25998 2004 7.75 67.2355 24870.69 102.9 99.61
185 1 2 2016 28252 2117.58 7.75 68.255069 23002 102.14 98.21
186 1 3 2016 28794 2503.95 7.75 66.925113 25341.86 102.52 94.59
187 1 4 2016 28818 2708.63 7 66.463133 25606.62 103.67 93.08
188 1 5 2016 29639 3072.75 7 66.905161 26667.96 105.2 95.89
189 1 6 2016 29745 3208.66 7 67.24605 26999.72 105.96 96.14
190 1 7 2016 30942 2966.28 7 67.161258 28051.86 107.11 95.53
191 1 8 2016 31270 3004.16 7 66.935513 28452.17 106.34 96.02
192 1 9 2016 31178 3006.05 7 66.763683 27865.96 105.96 95.46
193 1 10 2016 30071 3290.46 6.75 66.728455 27930.21 106.34 98.44
194 1 11 2016 29796 3056.29 6.75 67.73135 26652.81 105.96 101.5
195 1 12 2016 27754 3572.84 6.75 67.81351 26626.46 105.2 102.21
196 1 1 2017 28746 3649.89 6.75 68.067231 27655.96 104.81 99.51
197 1 2 2017 29265 3647.03 6.75 66.968905 28743.32 104.81 101.12
198 1 3 2017 28758 3355.09 6.75 65.873348 29620.5 105.2 100.35
199 1 4 2017 29010 3365.04 6.5 64.530959 29918.4 105.96 99.05
200 1 5 2017 28471 3213.83 6.5 64.421517 31145.8 106.34 96.92
201 1 6 2017 28823 2975.01 6.5 64.445503 30921.61 107.11 95.63
202 1 7 2017 28170 3071.23 6.5 64.443087 32514.94 109.02 92.86
203 1 8 2017 28893 3194.46 6.25 63.920337 31730.49 109.02 92.67
204 1 9 2017 29899 3413.19 6.25 64.432127 31283.72 109.02 93.08
205 1 10 2017 29505 3574.53 6.25 65.0881 33213.13 109.79 94.55
206 1 11 2017 29399 3887.81 6.25 64.859612 33149.35 110.17 93.05
207 1 12 2017 28763 3930.99 6.25 64.209727 34056.83 109.4 92.12
208 1 1 2018 29854 4215.16 6.25 63.640531 35965.02 110.17 89.13
209 1 2 2018 30391 4085.16 6.25 64.448045 34184.04 109.79 90.61
210 1 3 2018 30420 4171.72 6.25 65.046425 32968.68 109.79 89.97
211 1 4 2018 30986 4516.93 6.25 65.683203 35160.36 110.17 91.84
212 1 5 2018 31116 4959.75 6.25 67.524939 35322.38 110.55 93.98
213 1 6 2018 30707 4879.75 6.5 67.786997 35423.48 111.32 94.64
214 1 7 2018 30097 4992.51 6.5 68.663945 37606.58 115.14 94.49
215 1 8 2018 29644 4942.53 6.75 69.553235 38645.07 115.14 95.14
216 1 9 2018 30538 5448.55 6.75 72.095337 36227.14 115.14 95.13
217 1 10 2018 31489 5648.69 6.75 73.587258 34442.05 115.52 97.13
218 1 11 2018 31010 4476.09 6.75 71.786417 36194.3 115.52 97.27
219 1 12 2018 31251 3822.07 6.75 70.719639 36068.33 115.14 96.17
220 1 1 2019 32230 4003.08 6.75 70.648365 36256.69 117.44 95.58
221 1 2 2019 33217 4352.94 6.5 71.211285 35867.44 117.44 96.16
222 1 3 2019 32036 4432.04 6.5 69.581703 38672.91 118.2 97.28
223 1 4 2019 31659 4761.33 6.25 69.410852 39031.55 119.35 97.48
224 1 5 2019 31738 4664.02 6.25 69.767265 39714.2 120.11 97.75
225 1 6 2019 33121 4149.67 6 69.419143 39394.64 120.88 96.13
226 1 7 2019 34522 4230.22 6 68.746329 37481.12 122.03 98.52
227 1 8 2019 37356 4102.97 5.65 71.12515 37332.79 122.41 98.92
228 1 9 2019 37927 4282.87 5.65 71.304517 38667.33 123.18 99.38
229 1 10 2019 38214 4069.14 5.4 71.001494 40129.05 124.32 97.35
230 1 11 2019 38122 4314.32 5.4 71.475634 40793.81 125.47 98.27
231 1 12 2019 38092 4509.77 5.4 71.17271 41253.74 126.24 96.39
232 1 1 2020 39984 4395.91 5.4 71.264603 40723.49 126.24 97.39
233 1 2 2020 41195 3811.78 5.4 71.583828 38297.29 125.47 98.13
234 1 3 2020 42285 2392.98 4.65 74.534897 29468.49 124.71 99.05
235 1 4 2020 45504 1603.02 4.65 76.222334 33717.62 125.85 99.57
236 1 5 2020 46343 2298.55 4.25 75.666063 32424.1 126.24 98.34
237 1 6 2020 47315 2987.46 4.25 75.763427 34915.8 127 97.39
238 1 7 2020 49878 3156.01 4.25 74.908993 37606.89 128.53 93.35
239 1 8 2020 52917 3243.75 4.25 74.57382 38628.29 129.3 92.14
